#	x_c	y_c	V_0
2.62604e-06	3.12644e-08	2.66095e-23
3.11109e-06	3.16354e-08	2.15302e-23
4.13421e-06	3.32065e-08	2.0956e-23
3.56482e-07	8.78996e-08	5.48871e-24
3.73201e-06	1.17328e-07	3.03153e-23
1.75639e-06	2.52334e-07	3.50564e-23
4.46513e-06	2.43878e-07	2.6708e-23
4.75816e-06	2.26446e-07	8.25164e-24
2.25921e-06	2.68396e-07	3.70231e-23
3.83469e-07	2.68839e-07	9.90484e-24
6.6287e-07	3.13477e-07	1.71281e-23
3.36772e-06	3.1812e-07	2.83468e-23
2.75757e-06	2.92623e-07	2.27565e-24
1.05467e-06	3.30356e-07	2.22449e-23
3.89178e-06	3.67247e-07	2.67113e-23
3.00812e-06	3.95548e-07	8.67512e-25
7.32497e-07	5.07865e-07	1.08783e-23
4.01722e-06	5.26351e-07	6.72164e-24
1.13498e-06	5.48979e-07	7.5302e-24
1.91975e-06	5.73993e-07	1.14067e-23
4.76687e-06	6.10414e-07	1.19053e-23
3.41741e-06	6.01371e-07	6.10013e-24
4.44189e-06	6.42526e-07	1.64001e-23
2.56595e-06	6.63317e-07	2.34994e-23
1.67348e-06	6.69014e-07	2.67661e-23
3.09723e-06	6.69648e-07	3.19021e-23
3.654e-06	6.90603e-07	8.53431e-24
4.00432e-07	7.32497e-07	2.13538e-23
2.221e-06	7.18528e-07	1.01688e-23
2.85674e-06	7.03197e-07	1.00845e-24
1.35799e-06	7.86864e-07	2.65442e-23
4.25825e-06	8.18769e-07	7.94666e-24
3.94522e-06	8.47693e-07	2.96405e-23
3.23645e-06	8.45051e-07	1.08783e-23
7.6254e-07	8.85684e-07	2.68279e-23
2.35538e-06	8.77368e-07	3.29967e-24
1.13537e-06	8.96088e-07	5.291e-24
1.93583e-06	8.93646e-07	5.08051e-24
2.85674e-07	9.49194e-07	6.88125e-24
4.68798e-06	9.81546e-07	6.07646e-24
1.69461e-06	1.11133e-06	3.15932e-23
4.9662e-06	1.10503e-06	2.23808e-23
3.55649e-06	1.1111e-06	1.92665e-23
5.84143e-08	1.12038e-06	1.9975e-23
2.39935e-06	1.16907e-06	3.06403e-23
2.9421e-06	1.1746e-06	2.31202e-23
4.49413e-06	1.16839e-06	1.04794e-23
1.29606e-06	1.18985e-06	1.80732e-23
4.26411e-06	1.22376e-06	6.80421e-24
3.97625e-06	1.2515e-06	2.15595e-23
6.9764e-07	1.28139e-06	2.59852e-23
3.2594e-06	1.30622e-06	1.97783e-23
2.01981e-06	1.32688e-06	3.61428e-23
3.21785e-07	1.35036e-06	8.97691e-24
1.59496e-06	1.35456e-06	5.29761e-24
4.39498e-06	1.38198e-06	9.68115e-25
4.70909e-06	1.41065e-06	1.6026e-23
3.65858e-06	1.41421e-06	4.02246e-24
3.51242e-06	1.48809e-06	8.27613e-24
1.10159e-06	1.53721e-06	4.85225e-23
2.60588e-06	1.56187e-06	4.80955e-23
1.27509e-07	1.53542e-06	1.00285e-23
4.32173e-06	1.55289e-06	1.44413e-24
2.06006e-06	1.64593e-06	2.29217e-23
7.0808e-07	1.63683e-06	7.51048e-24
1.63347e-06	1.65702e-06	1.71067e-23
4.90878e-06	1.66151e-06	3.57235e-23
4.09086e-06	1.7011e-06	2.26699e-23
4.64007e-06	1.73199e-06	9.5568e-24
3.24926e-06	1.7752e-06	2.66591e-23
1.18595e-08	1.85566e-06	2.95895e-24
2.25772e-06	1.89852e-06	7.56852e-24
6.11112e-07	1.91914e-06	1.91942e-23
2.9251e-06	1.88984e-06	1.61081e-24
3.71734e-06	1.92231e-06	2.38945e-23
1.14595e-06	1.91263e-06	9.02732e-25
4.85478e-06	1.9816e-06	9.98207e-24
1.94356e-06	1.99239e-06	8.36706e-24
1.57363e-06	2.02804e-06	2.82009e-23
2.63001e-07	2.03797e-06	9.59096e-24
8.10449e-07	2.02875e-06	5.59894e-24
4.27944e-06	2.07856e-06	4.12882e-23
2.4535e-06	2.09934e-06	7.02073e-23
2.89883e-06	2.13126e-06	1.9817e-23
1.2225e-06	2.16535e-06	2.50983e-23
3.46e-06	2.20445e-06	3.15202e-23
4.96633e-06	2.21971e-06	1.41253e-23
3.82363e-06	2.20726e-06	2.77564e-24
4.16885e-07	2.25617e-06	2.46076e-23
4.57566e-06	2.23865e-06	1.32006e-24
1.6539e-06	2.3266e-06	1.14639e-23
1.36733e-07	2.30492e-06	3.02933e-24
8.46019e-07	2.34562e-06	2.30661e-23
4.73681e-06	2.31469e-06	3.50133e-24
2.16797e-06	2.37234e-06	1.66389e-23
4.12974e-06	2.3771e-06	2.09696e-23
3.25319e-06	2.38722e-06	5.47598e-24
1.93379e-06	2.45142e-06	7.46487e-24
2.84927e-06	2.47124e-06	1.19438e-23
4.79601e-06	2.47584e-06	9.87286e-24
1.22132e-06	2.4773e-06	9.609e-24
2.60405e-06	2.5115e-06	1.75335e-23
3.68104e-06	2.4817e-06	2.68748e-24
3.46949e-06	2.51873e-06	5.32749e-24
4.55628e-07	2.55101e-06	7.11991e-24
1.41511e-06	2.55572e-06	6.32644e-24
2.16038e-06	2.56472e-06	4.02996e-24
2.0342e-07	2.62035e-06	1.6821e-23
8.13188e-07	2.61815e-06	1.75601e-23
3.03453e-06	2.63825e-06	1.52687e-23
1.92995e-06	2.64187e-06	5.8072e-24
4.43588e-06	2.69583e-06	3.02483e-23
4.87159e-06	2.6995e-06	3.98273e-24
3.46056e-06	2.71952e-06	9.35794e-24
3.80014e-06	2.76382e-06	9.12057e-24
4.12374e-06	2.76653e-06	1.39047e-23
1.46011e-06	2.78837e-06	1.23729e-23
2.09006e-06	2.79325e-06	3.27608e-24
5.22514e-07	2.85938e-06	8.27892e-24
1.87153e-06	2.86846e-06	9.08308e-24
2.51075e-06	2.89733e-06	9.05989e-23
3.24391e-06	2.87174e-06	5.70055e-24
9.60625e-07	2.96423e-06	8.256e-23
2.92198e-06	2.9406e-06	2.2294e-23
1.64062e-06	2.98527e-06	1.42797e-23
4.85116e-06	2.9931e-06	1.42236e-23
2.12257e-06	3.00575e-06	9.2517e-24
3.37594e-06	3.07426e-06	2.43592e-23
3.88395e-06	3.08685e-06	1.61775e-23
1.64449e-07	3.11489e-06	2.1053e-23
1.91582e-06	3.15692e-06	1.31408e-23
6.0606e-07	3.19881e-06	1.97424e-23
1.42172e-06	3.18173e-06	1.41368e-23
4.30778e-06	3.20257e-06	3.31057e-23
2.08162e-06	3.21899e-06	1.92789e-24
2.55122e-06	3.26869e-06	2.10484e-23
3.65565e-06	3.27963e-06	7.12343e-24
4.78907e-06	3.28605e-06	1.33288e-23
1.72008e-06	3.30387e-06	1.44884e-23
3.24928e-06	3.33342e-06	5.64315e-24
1.11855e-06	3.37665e-06	3.41295e-23
2.93716e-06	3.40924e-06	4.08076e-23
1.43154e-06	3.39439e-06	9.85326e-24
4.4517e-06	3.40968e-06	9.22383e-24
3.72031e-06	3.477e-06	1.44155e-23
4.10284e-06	3.48986e-06	1.62718e-23
5.14701e-07	3.51891e-06	1.16007e-23
7.03823e-07	3.56069e-06	9.5154e-24
2.16656e-06	3.57754e-06	1.89958e-23
4.97732e-06	3.56775e-06	1.15925e-23
1.66575e-07	3.60226e-06	1.16141e-23
4.36763e-06	3.59998e-06	3.86401e-24
8.74113e-07	3.66737e-06	6.11634e-24
2.34662e-06	3.72296e-06	5.776e-24
3.35184e-06	3.74211e-06	2.7969e-23
2.61978e-06	3.74364e-06	1.03777e-23
2.95836e-06	3.74708e-06	8.42444e-24
1.82411e-06	3.77442e-06	1.38761e-23
2.07052e-06	3.75527e-06	1.16083e-24
4.25739e-06	3.77164e-06	7.79887e-24
3.81503e-06	3.82247e-06	4.74991e-23
1.40686e-06	3.85895e-06	3.051e-23
2.24484e-07	3.89466e-06	6.48315e-24
2.33251e-06	3.89957e-06	1.03838e-23
4.84991e-06	3.9131e-06	1.83387e-23
8.81554e-07	3.93138e-06	1.69002e-23
4.79292e-07	3.93065e-06	1.20151e-23
1.96171e-06	3.92781e-06	9.72529e-24
2.83334e-06	3.93788e-06	1.04297e-23
3.10919e-06	3.94764e-06	9.74447e-24
4.50479e-06	3.97584e-06	4.73745e-23
3.50962e-06	4.07461e-06	7.87578e-24
1.70316e-06	4.11524e-06	8.68052e-24
4.06562e-06	4.13596e-06	2.81501e-23
1.28031e-06	4.15492e-06	4.36852e-23
2.77077e-06	4.21509e-06	1.87926e-23
2.35376e-06	4.17035e-06	5.95307e-25
3.36686e-06	4.23815e-06	1.14786e-23
8.89088e-07	4.23709e-06	2.71066e-24
1.64947e-07	4.25472e-06	8.5479e-24
2.13519e-06	4.25277e-06	8.63137e-24
4.59144e-06	4.25712e-06	2.40942e-24
6.105e-07	4.31316e-06	4.41669e-23
4.82069e-06	4.33495e-06	1.79203e-23
4.34224e-06	4.35298e-06	7.56939e-24
3.72597e-06	4.35103e-06	3.07585e-24
3.87651e-06	4.37174e-06	1.52725e-23
1.68198e-06	4.38776e-06	1.12109e-23
2.34046e-06	4.41774e-06	1.78916e-23
4.11995e-06	4.46999e-06	1.2307e-23
1.48941e-06	4.47311e-06	1.27219e-23
2.90813e-06	4.47009e-06	1.09345e-23
3.34995e-06	4.50241e-06	8.66751e-24
8.91042e-07	4.52813e-06	1.67702e-23
1.94299e-06	4.55461e-06	2.2408e-23
1.3364e-06	4.53334e-06	4.68492e-25
2.26985e-06	4.55258e-06	2.20274e-24
2.62288e-06	4.60401e-06	1.89631e-23
2.90557e-06	4.60124e-06	4.46116e-24
4.29008e-07	4.63372e-06	2.03464e-23
4.02255e-06	4.66194e-06	7.55308e-24
3.54944e-06	4.7249e-06	4.61139e-23
4.72705e-06	4.69775e-06	6.61471e-25
5.2234e-07	4.73891e-06	2.58459e-23
4.39904e-06	4.74417e-06	3.11564e-23
1.14517e-06	4.76348e-06	1.58921e-23
1.33559e-07	4.80555e-06	2.43837e-23
1.31849e-06	4.79053e-06	3.67446e-24
1.94635e-06	4.79681e-06	2.47643e-24
3.18624e-06	4.85233e-06	1.79695e-23
4.96926e-06	4.84561e-06	2.22764e-23
4.01793e-06	4.91577e-06	2.37618e-23
1.84012e-06	4.95887e-06	1.45656e-23
2.28107e-06	4.96689e-06	3.39764e-23
2.67056e-06	4.96724e-06	6.92978e-24
9.31597e-07	4.97582e-06	1.0059e-23
1.59196e-06	4.98586e-06	2.03548e-24
